-8.549658932265977729e-01 1.018048131169426052e+00 -7.767053225561583174e-01 4.992270537306002232e-01 1.278892477812369366e+00 1.473089678661499757e+00 -9.700308098916499144e-01 4.300884705797357599e-01 -1.778146152028833582e-01 6.745132318998714460e-01
-4.698235904740967195e-01 7.784657900819117460e-01 8.405960783121363411e-01 3.748222950220743699e-01 -2.808556490797489702e-01 1.893763471059454750e-01 -2.816111174854646904e-01 7.676187368370854802e-01 1.038601797820576156e+00 -6.426365570108009129e-01
2.157973777632614942e-01 2.656586670501410175e-01 4.278257977523001743e-01 -9.930369566429791614e-03 4.733964136216736729e-01 2.069639379218898512e+00 7.512174417294522621e-01 -7.769259616510896249e-01 2.892599916658154524e-01 3.131979967708094392e+00
2.184983933836146974e+00 7.299243558214654204e-01 -1.432106667396233268e+00 2.038723222500605115e+00 -7.432787415268634623e-01 -6.628880212584469245e-01 -1.705471580661262587e+00 -4.859506393131429042e-02 -3.355207302006408265e-01 5.042019842569387400e-01
-3.360797354352641486e-01 5.223642452425063532e-01 -1.196230020351523926e+00 -5.409257270514604421e-03 -1.221906492246526366e+00 2.711670611520605734e-01 4.236567962381915242e-01 -1.944336356441505043e+00 1.447720504442557288e-01 -1.950736778661850579e+00
-1.498997461053136818e-02 3.516074561594237369e-01 -4.624386021795137691e-01 2.570575485904170922e-03 9.523708245477723044e-02 -9.527262841923540559e-01 5.641530780584450566e-01 4.272684784272213765e-01 8.213821094095181685e-01 -1.294493688117304586e+00
4.363621535020145714e-01 -5.504106178381752423e-01 -8.771061933646245867e-01 1.088835776825208157e+00 5.107485732069164674e-01 6.830387324508969682e-01 -3.634586962988708980e-01 4.058131322166638189e-01 1.041444487499239679e+00 7.823429774006580573e-01
-2.533981189260839262e+00 4.674659182398273605e-01 -1.113448851936780712e-02 5.964948229927149459e-01 -2.042289402806405363e+00 1.134807397790866590e+00 -4.345856699600491591e-01 -3.985689650580622745e-01 8.776833230358132010e-01 -6.274012859353388094e-02
-6.041419902336060410e-01 1.412196314185957702e+00 -3.201104448790946577e+00 -7.305908524387529912e-01 3.436180934058499226e-01 6.318361700235777256e-01 8.571871751522469607e-01 -1.945313348825006630e-02 -1.368461251096110720e+00 4.467480180879599971e-01
-4.253792033078196977e-01 1.016424158710776515e+00 2.957114686296519745e-01 7.677446413258411963e-03 8.334491626360200911e-01 7.972717666439014250e-01 2.090700273181234636e-01 1.621692715093644432e+00 3.243612373465272758e-01 6.798550453084537537e-01
1.947352733328208796e+00 -6.187261843277614970e-01 -2.675951219571212625e-01 7.346810766508661272e-01 1.328703175688817684e+00 1.025247171926330081e+00 -1.093847072088395544e-01 -1.744366819255814549e-01 -1.952084032057365415e-01 -7.176752910869750313e-01
-2.610341307566478863e-01 2.958626147273515916e-01 1.777865164134712905e-01 2.399903849431815894e-01 4.052483973411931117e-01 4.918282560188385610e-01 9.254161549115326457e-02 4.234398765922409158e-01 -4.068431279359863706e-01 -3.262324474748792280e-01
1.224426173460182232e+00 1.130685852316773321e+00 -6.941976841190912462e-02 -1.533959284403450418e+00 6.604314766893388811e-01 -1.516500739614383697e+00 -1.084821797331121607e+00 9.793042216114070664e-01 1.641704814529706624e+00 -2.369415544290930098e-01
-2.662909806948999258e-01 -1.468273221837775422e+00 1.045391392131710950e-01 -2.440260759626108888e-01 -6.787005290086377263e-02 -1.785176918423957204e+00 7.080543382465447344e-01 1.160835259370783801e+00 2.476308183578520783e+00 3.584810619140363919e-01
4.212825122115040344e-01 -8.637330417450047593e-01 3.802825035895929795e-01 -6.061819170765132547e-01 -1.266736486121931460e+00 -4.120627539899561764e-01 -8.766210292654107450e-01 2.735753434026627073e-01 4.706095334345736791e-01 1.114735430988973430e+00
-5.930034455915091929e-01 -1.888163468287759328e-01 5.136508975564935131e-01 4.924901861994490093e-01 -2.362124804783033785e-02 -6.275815154238948423e-01 -2.299995033879682349e-01 -1.375219102265421434e-01 -3.566541982241935305e-01 9.084293982456940197e-01
-2.457405062126209461e-01 5.517377802246528073e-01 -9.532763517476591231e-01 -1.297240118462575253e+00 -3.492210408077304762e-01 -3.251835724629728031e-01 -9.433764528482074807e-02 8.314828304373498291e-01 9.972489576804692835e-01 -1.888107397523764996e-01
-2.451915732385355540e+00 7.374402852783640272e-01 -1.975311476471794669e-01 -7.432730192454671814e-01 5.738368581727240070e-01 1.464366732967794515e+00 -1.545417666847755500e+00 4.995333905466025071e-01 -4.738601750977768368e-01 -2.865441862670837780e-01
1.179313245064144144e+00 7.713853623409644422e-01 2.134884836461334590e-01 -1.356185234451380728e+00 -6.377180807573071819e-01 -7.337885413853263428e-01 1.124811245221928185e-01 5.197666969501041345e-01 1.172984786970925120e+00 2.744111582502794522e-01
-4.668652251651130014e-02 -1.040490030772891039e+00 -1.643376219359208079e+00 8.218147016086543299e-01 6.114642832473887735e-01 5.344966920232315788e-01 1.203102661867396561e+00 2.745632387755593817e-01 -2.561625168921997653e-01 2.487461808853556888e-01
-3.175566285781115661e-01 4.613412569425140997e-01 -8.875938904284605968e-01 4.038699196356112520e-01 -4.623201300617275633e-01 -2.663629533004231997e-01 -2.269945406575488267e+00 9.728499592074054680e-01 -1.253366226031534136e+00 -1.042138145732628488e-02
-8.895351490046807807e-01 5.990782841375812406e-01 5.353247524108457611e-01 1.187601802131310835e+00 1.012181007483725914e-01 5.222955467420187237e-01 2.505555787812180357e-01 -1.032317534631149281e+00 -8.191293770498031535e-01 -3.476583832451399236e-01
8.929460055744657954e-01 -3.018748954695993358e-01 1.252566968804168734e+00 -3.820143010570459241e-01 -9.754070966331982451e-01 -1.168809277851005968e+00 2.861398100992621485e-01 -1.431793636072924647e+00 -6.994269416139545226e-02 7.257768553527710331e-01
5.051468697969339061e-01 8.501126482767923376e-01 3.479714537632996318e-01 7.358739343293188573e-03 7.913896896554362126e-01 7.923979650316059775e-02 -1.918658405202809947e+00 -1.959538865484082182e+00 1.259009917797009548e+00 5.391639747484250345e-01
1.075511544121956709e+00 -8.043966914577772576e-01 2.081726527526804038e-01 -2.660991006596161168e-01 -1.724715532220249870e+00 -1.222600274401650644e+00 1.107898858425083288e+00 8.871462019803195709e-01 1.258797904857344996e+00 1.850745592075196955e+00
2.676166795275388477e+00 2.336231651796817355e-01 -2.920014036459964712e-01 7.092793851058794008e-01 1.444683162680603594e+00 -5.182273477501484482e-01 1.022322548974624379e+00 1.974997058503269010e+00 3.158239202247594690e-01 8.902631872259221257e-01
8.665172318250184691e-02 -5.140919839932902580e-01 1.062922066330452275e-01 -2.451571439266930774e-01 -3.128583338124670821e-01 7.521207620901577684e-01 -1.228322311043354986e+00 -4.332774741069056468e-02 -4.823784578391379085e-01 -1.432953721370660904e+00
1.927527833725316553e-01 -1.966711246931253987e+00 1.344663820360221917e+00 -1.205905743393429708e+00 -8.321052401177456703e-01 -6.824695742748653204e-01 2.771401245062397600e-01 -1.281250910484899697e+00 -9.532530399278114075e-01 1.362262379035370508e+00
4.249484792589920956e-01 4.531413583677644241e-01 -1.479914930658611238e+00 1.328922700233222232e+00 -1.852798292315963380e+00 -1.032808923491587372e+00 -9.641720049834323625e-02 -3.096437544816297849e-01 3.399420052586934471e-01 -3.040345842372055990e-02
-5.387421318837026796e-01 9.070529885793495728e-01 5.090918802949000455e-01 5.557202764439307385e-01 1.672635454568590863e+00 -7.721356782215325065e-01 1.507409367375585951e+00 2.454754074361294169e-01 -4.764450630708202405e-01 1.075390560571915177e+00
-3.913982089464259628e-01 3.224073653832891795e-01 -1.313816756038965972e+00 -6.204161890569149795e-01 -5.721363713700557962e-01 1.450662101501621004e+00 1.209018626068894681e-01 1.522840643580358311e+00 2.042132637063230338e-01 -7.747842529616395524e-01
5.703380272844870147e-01 -9.035375241634472365e-01 1.954849445392277119e-01 -1.898349588310355163e+00 1.340551411334155230e+00 1.543913209449550461e+00 -5.434216991431793931e-01 1.209000761910008354e-01 8.162644285264961663e-01 1.708383011674472929e+00
-3.718010276129669056e-01 -9.555413734318098928e-01 -1.325877404286080141e+00 2.504225928126474141e-02 5.396279732825415287e-01 1.190010047823283346e+00 1.460444844871974679e+00 3.465469050540832541e-01 4.758113902019822650e-01 -2.235959808255890913e+00
1.565070740756604906e+00 -1.103276879355173046e+00 -9.605601704562292120e-01 7.148263915394013068e-01 -4.659104092833105670e-01 -1.223315710943409851e+00 -2.968673604500178809e-01 4.716602971313262060e-02 -1.039663995131469454e+00 -4.424978204312490782e-01
-8.173041435863524773e-02 -1.203087058922090780e+00 3.169331259010481627e-01 -8.250347282247140202e-01 1.848785614800049770e-01 5.151138493978739685e-01 -5.731709373042197520e-01 4.468613407317834074e-01 9.765058564404465180e-01 -7.947366937551118005e-01
-2.078667704135380989e-01 1.300772167802851653e+00 5.484878291335002487e-01 -1.125099553389003360e+00 -6.168408703658477821e-01 -1.399178731350180227e-01 1.046458780356928298e+00 1.623294999989782217e-01 -5.049282091596662969e-01 3.326736182947139242e-01
-7.588008792689421300e-01 -4.987977879023716699e-01 1.218544979269664763e+00 4.399192106878309638e-01 1.288241352958922503e+00 -4.466583381543078879e-01 -4.472106026548248181e-01 -7.735942109186122462e-01 -6.345328692903927648e-01 1.080138627870614432e+00
1.408908508717333641e-01 1.042420620180602109e+00 5.726986305786052611e-01 -1.084018950111892421e+00 5.828951211988960823e-01 4.333710239346973969e-01 1.270137289019942273e+00 4.422499432066514524e-01 -1.737685730144812035e-01 -2.207476860313925815e-01
1.454437713311360847e+00 -1.745560662981725297e+00 6.227675776863670354e-01 5.361251323225705440e-02 -3.988697417891702290e-01 -1.895084510554916491e-03 1.179470451297788713e+00 -1.655083419876953954e+00 -1.306929850303497176e+00 1.068075196175197750e+00
5.406778876901726649e-01 1.431654544660992512e+00 6.109489375849078696e-01 -2.643684787509997247e-01 -7.516464192407965594e-01 3.034474763281759246e-01 -3.347890779784812310e-01 1.786236944904885104e-01 -8.529898533624180601e-01 -5.868915049997805999e-01
-5.836462946246114003e-02 1.649279621979943045e+00 5.934236570118218701e-01 -3.205706236969614320e-01 -1.451927037337207738e+00 -8.934460562960917784e-02 2.126832088584745539e-01 1.309286276337089105e-01 -2.172786699707925262e+00 9.381588252384096549e-01
1.285688014062283058e+00 1.542516102118503429e+00 -1.372514276456098248e+00 -9.747292821048477718e-01 -1.175289356142813046e+00 -7.746136979672743617e-02 -1.311767628256467422e+00 1.007308916509866314e+00 -8.533975568930544098e-01 -1.146737888936368188e+00
2.080321361749138398e-01 3.740314450834532067e-01 1.644820042246162961e+00 -1.052282074265483425e-01 1.070740045284604314e+00 3.092581061524319330e-01 -7.313093643478181249e-01 2.500273272479429099e-01 4.376581738026637525e-01 -3.721210925296176697e-01
2.374562627187111474e-01 -7.324851470959653499e-01 1.126186615133726726e-01 -1.282646739071471864e-01 6.977717092582041980e-01 -3.296845119404145374e-01 8.394885837734072931e-02 4.074542115602522996e-01 -7.801953782161019646e-01 -1.352817323250917469e-01
1.730141386318701846e+00 3.630182747779809871e-01 -5.139829637186748013e-01 -6.885725900097791063e-01 5.792611313196873724e-01 6.502659879594843706e-02 -3.662991374314826798e-01 1.641932555179907716e-01 -4.755276643346132981e-01 -2.087445773269696048e-01
8.637517935014431547e-01 -2.466597574084889929e-02 1.036919439295561407e+00 1.902389704518269165e+00 5.997380441634475590e-01 1.877477684565527216e-01 2.172766780558723632e+00 1.213847749808246057e+00 2.344315680588562323e+00 -1.368851167964008297e+00
1.518819172218331737e+00 -1.246383234616111446e+00 8.306391980566124600e-02 1.007720251183187754e+00 -4.602394239018646194e-01 -3.667965597131499500e-01 1.048519068116597008e+00 9.652059764400902075e-01 -4.758459790411465606e-01 -5.342531336879730725e-02
5.288940267663647665e-01 5.896639665119732809e-01 -7.022565950344707986e-01 1.417646260484521470e+00 6.984293584000242916e-01 7.509569594785857616e-01 -3.948293615151634572e-01 9.543609309681841957e-01 2.356609631024908225e-01 -8.945321492405343689e-01
-1.332297258712615395e+00 7.270010891853386781e-01 5.383706847586104682e-02 9.545848939680651180e-01 7.935516516069062165e-01 -6.460360224391600847e-02 8.745269493733811572e-01 6.103340531524258372e-01 -1.433436227991983669e+00 7.149470699237742144e-01
-1.772604024494051966e+00 1.126068132058003046e+00 3.435199967264306320e-01 9.287801513115855334e-01 -7.432950465950328711e-01 -1.719089682946828512e+00 4.003653954694487149e-01 -1.516812373815926263e+00 4.455540972187173043e-01 1.043290065322347138e+00
1.424032189014693729e-02 1.001617994167835146e+00 2.781338756791496003e-02 -8.597671349540271235e-01 -1.027348123654109990e+00 -2.412386078558892144e-01 5.720034499263252359e-01 7.459627013433823839e-01 1.891340665078294070e-01 7.759947474106100307e-01
-1.659401667705272088e+00 -8.949559241328093329e-01 2.570002486072495151e-01 1.743525080351498724e-01 -2.158817218752845157e+00 8.490931329642834591e-01 -1.359643840948905336e+00 1.578859367973809158e-01 3.622916863359696982e-01 -1.250405853184798133e+00
-3.150494864621846691e-01 -4.075752406131862293e-01 1.811180879339077565e+00 9.789132659104889111e-02 1.482340975291395857e+00 -3.719629143911907243e-01 -7.424744099320604862e-01 -5.733727214009489703e-01 1.783567669705507841e+00 -4.212300338476152040e-01
-1.274062212764166757e+00 -9.441023274526436082e-03 -1.110471790224902611e+00 6.748356432981444941e-01 -1.642921573267679958e-01 -1.072717258418438124e+00 -4.409451877084325649e-02 -8.420306530591503691e-02 -9.589664074742390021e-01 3.655366926006039519e-01
-1.332863230384411013e+00 -1.212617099294848941e-02 -3.812742143214662427e-01 5.275796896122684210e-01 9.097068845026939909e-01 1.329288515391477077e+00 -4.879350045905125888e-01 -1.894369901553360380e+00 -4.752025543555618570e-01 -1.264845338298263178e+00
5.404729722445518192e-01 -1.496400483962151196e+00 -1.812656849904244583e+00 -1.069944955266301845e+00 -1.007766167440520499e+00 -2.659806815239423305e-01 -2.016348397265371073e+00 -1.096162555074098544e+00 -3.279812867627546202e-01 1.063748943945474812e+00
-6.494388424238946023e-01 1.584765966768212797e+00 3.837457448338550958e-01 -6.150660431045561483e-01 1.509100356195480996e+00 -1.446730226230126926e+00 1.223055059884931683e+00 -2.613353229029019009e-01 4.973493666145357150e-01 1.897530103809358604e+00
-1.840055352316372905e-01 1.526737555877305974e+00 -3.374955908941477123e-01 -1.270678455769239656e-01 1.489126680715459616e-01 -5.443139341208159676e-01 -6.437378754357280242e-01 -1.300491717658057156e-01 4.541130399062282691e-02 1.013108110943027107e+00
-4.536433192148565108e-01 -9.290987979357629989e-01 -2.225949078737543108e+00 -5.961923309240396707e-01 -2.270216525436203892e-01 -2.910185968418161906e-01 6.725875419425313417e-01 -4.421984338581116392e-01 -9.171546230902408725e-01 -4.945768626003410606e-02
1.261471650916546894e+00 1.357156370744891372e-02 8.655550775797535290e-02 6.594660686682869422e-01 9.850042292370602137e-01 -5.705552339984220067e-01 4.213948810211502471e-01 -4.326340932480321477e-01 -4.212379164888418459e-01 -3.857358323820641588e-01
-6.563120865147632765e-02 -1.156101890619937400e+00 1.619960552067390314e+00 -4.779831764041204689e-01 1.248707067319256292e-01 3.702058143888596331e-01 -1.591783007711686238e-01 -5.269900932766283796e-01 1.057672449564927231e+00 1.241676569929464735e+00
-2.766416162205816431e-01 1.652218512800537331e+00 -2.561670008724559189e-02 8.053896244344204147e-01 8.665409261691914278e-01 4.746128052506857209e-01 -1.708488127757510355e+00 -6.815773982573709588e-01 1.750153763213769365e+00 -6.827318573619847730e-02
-7.654194542023613490e-01 -9.986016799098685892e-01 1.095034946446004076e-01 -1.308371583450610443e-01 1.288162644958803504e+00 4.025720354079781460e-01 -5.214013908329582225e-01 -7.967365388642523305e-01 1.154797027565548140e+00 -3.217269064751414054e-01
-6.649908494288456762e-01 -1.121826352243849412e+00 2.303307258955869241e-01 1.566717977618908408e+00 1.967888691343029350e+00 1.361488865847558571e+00 2.270659698945561300e-01 -7.788403152537501928e-01 -4.277097762400509651e-01 6.204115775753452633e-01
2.280732278431027105e+00 1.872569454787371690e-01 7.752026423253718379e-01 -1.194668056923332999e+00 1.060432844527618101e+00 -1.477898785616810873e+00 6.748071957120125308e-01 -4.996512943075148150e-01 -5.839823518330022889e-01 4.747069390422882229e-01
4.753393476750747415e-02 3.370560043888328194e-01 -1.422062388008331402e+00 1.030593599110804393e+00 1.830135225826518275e-01 -1.619182720246234997e+00 -1.159052118870843140e+00 2.306354398724734800e-01 1.805141608135764297e+00 9.010328777726711591e-02
-1.004505001891435878e+00 5.138445225025076724e-01 1.399006626522547370e+00 -2.500892753555512993e+00 2.675380465891236681e-01 -1.101121499406737536e+00 9.720529805957356384e-01 7.512717782377481557e-01 -1.602779878569992489e+00 3.803631867796867794e-01
-2.209856918442087537e+00 7.477553222559685242e-01 -1.647672724992788273e+00 6.692594289123969808e-01 2.209438169086147541e-01 -1.888983445387361348e-01 8.127198542056796038e-01 -9.338556878481787393e-01 1.036979722002963511e+00 -2.701708777428299957e+00
-5.379932874996664616e-01 2.458329951593254958e-01 2.511305679586236517e-01 4.372002125123917171e-01 2.939434247883195628e+00 7.983483871165568679e-01 1.228768610523101712e+00 -1.350053471015822515e+00 -3.486953053293201932e-01 -7.925673686621236280e-01
-7.171887359669559814e-01 -5.273156905216489498e-01 4.731967204076272249e-01 7.912751158204597846e-02 -1.901793320565148493e+00 -4.655343755246006410e-01 1.306173687212803580e+00 1.033156773953007035e-01 1.234659555594348035e+00 -5.374473036011694349e-01
-2.099799154414011271e-01 -2.199641490568094715e-01 -5.923745437899055055e-01 -5.240863769836747732e-01 6.679255651323194876e-01 -3.862475586057019239e-01 -1.141280366455793560e+00 -7.216448031035055388e-01 1.263404088253233137e+00 1.096017473273727116e+00
1.776196817989809662e-01 -1.864522067296200625e+00 1.556368354568523227e-03 1.082178933609468707e+00 -9.917079366377155036e-01 2.616135934375689143e+00 -1.134414918621972523e+00 3.530644279314978928e-01 -1.836525233512892041e-01 -1.329366446019190517e+00
5.734615789531146701e-01 -3.874998053683703092e-01 -1.078437507786559557e+00 1.035504499604173789e+00 -1.456049476516923624e+00 -1.616148595624062878e+00 -1.363556135831825167e-01 -7.967489942207247461e-03 5.225406015843437890e-01 1.479417392765164152e+00
-2.240715883308147527e-01 1.410367718676854398e+00 2.190441654195973420e-01 -1.514717767803726689e+00 1.713433281753092174e+00 -9.385926854944977027e-01 1.301480931786888062e+00 6.607763116511029822e-02 8.333178245318665356e-01 1.084851976671952489e-01
-2.747783986368537712e-01 8.994643541008655596e-01 2.857019866114343110e-01 2.231735598065112125e+00 1.323143756612512600e-01 -7.544542184296043619e-01 5.363841682920981180e-01 3.908830275569708662e-02 3.084976388256889246e-01 -2.306722017032502570e-01
-2.423152342645195079e-01 -2.431425378138632798e+00 3.191836858379065722e-01 2.790601040037197778e-01 1.301628384114393633e+00 -2.203431187483882447e-01 5.987533297831291179e-01 1.259876027964424106e+00 -5.583407809892692031e-01 1.189324723698912178e+00
-2.083475377099927306e-01 4.187621495701397412e-01 1.829921091412137990e+00 3.065043849373859097e-01 -1.722071267110153681e+00 -1.029201220460094074e-01 -9.722784958639794084e-01 -7.000805836433749985e-01 -1.228785920469430970e-01 1.405123863057709199e+00
5.292682192379625228e-01 -1.597617275240210910e+00 1.796988442531936292e-01 1.217702044299378283e-01 1.922046385592020012e+00 -6.186536948095309185e-01 -1.242783963039616024e+00 2.480436015236867853e+00 -1.367354732131435435e+00 1.142023591057164389e-01
-5.883676840069944625e-01 1.942727176981054460e-01 1.759803333832407279e+00 -8.703323765842189141e-01 -1.646562260202911743e-01 9.122721900929453565e-01 -1.465967171178391704e+00 2.499295969114132543e-01 -4.806455389574058601e-01 -1.076035912502481651e+00
-1.735577391288050109e+00 -4.766481101852887980e-01 -1.202503231308906129e+00 -1.686386933622271711e-01 1.143256911992784675e+00 1.127733094725270613e+00 4.137866777213060065e-01 8.000527657682097171e-01 2.214024880355747182e-01 1.208794089346389766e+00
6.883267146211753396e-01 -1.781656711668262894e+00 4.417502732955380651e-03 2.297687162934060723e+00 4.132523431796618629e-01 -9.329602422604240664e-01 -2.202803616143323151e-01 -5.797908435079893730e-01 -1.849631416288347818e+00 -8.837039538241929781e-01
-7.074464407507279340e-01 -5.024308383222684388e-02 -5.517327074655561381e-01 -4.351234692251060299e-02 -1.030722213083945293e+00 1.272917393053171198e+00 4.021314999134995571e-01 2.684990956214530211e-01 -7.344903952887399390e-01 -2.083323328568217558e+00
-1.273094360475472975e-01 -8.891794612937393982e-02 -7.934672002451906847e-01 -4.845534449474660221e-02 5.985019628960003280e-01 -5.913091907029338623e-01 4.159408104900592096e-01 1.445531437320330070e+00 -1.707382883647690086e+00 2.204127876291589461e-01
-1.844455078606434872e+00 -8.691876817379221576e-01 -1.062191093153943999e+00 -1.964909000933381389e-01 1.599869157598387659e+00 1.380617454954284229e+00 1.051238048511740963e+00 -9.427357257566614246e-01 1.857810533413391252e-01 -9.852171408191440216e-01
-8.192319800231111226e-02 1.102692688068668048e+00 1.296441256550138421e+00 -2.522005230627269359e-03 -8.907981832013203150e-01 1.124600418308798977e+00 -8.970873248514571463e-01 -7.971997740388676590e-01 -4.688327273072107060e-01 7.569495835362510805e-02
3.036697883242972865e-02 1.664655631717622264e-01 -7.373339691953239017e-01 1.950033367095205805e-01 2.446336245884154770e-01 -1.149363626879693623e+00 1.190391485562533491e+00 2.524637716959600708e-01 -2.135829859387785787e-02 1.694326046625049376e+00
1.049398508774572747e+00 7.713238626807243925e-01 -3.548812587981578504e-01 -9.766956363844703226e-01 4.239328078211348355e-02 1.702373689143279689e+00 -8.628702004698326489e-01 5.959881658154583262e-01 -1.283187584830514760e+00 -4.029167758584316639e-01
-1.251793064052162396e+00 -1.421104636516956177e+00 1.154803973792676519e+00 2.488840649624830537e+00 -8.365467136999259479e-01 -7.440453315188163552e-01 -1.572632819348986355e-01 -8.484264876745404305e-01 1.887667549551360902e-01 5.592604162005426760e-01
6.910289402493522415e-01 2.026188474485519642e-01 -1.612563017344017080e+00 -5.488966833442271431e-01 -1.852159660581975897e+00 2.127392784453922131e-02 -1.392911080887879183e-01 4.639543992466418909e-02 1.040958994485663869e+00 1.305730763542112038e+00
4.070227383692501255e-01 -7.826062015423799340e-03 -1.014128122381111885e-01 -1.188999613727038440e+00 -5.881943944364054211e-01 4.628041540556599998e-01 7.931242854226945305e-01 -4.621222434748943897e-01 2.981130457292308744e+00 4.597741811397238476e-01
1.184310630912280837e+00 9.486230878950052681e-01 -2.057622934485416333e-01 4.131882450345565894e-01 -8.760214474602996404e-01 1.875091017914733760e+00 -1.101282123730177753e+00 1.823634829250017519e+00 -8.472099297423523190e-01 4.202785450874711448e-01
-1.586325080138625832e-01 -5.547182759367385030e-01 -1.211717172850282909e+00 -6.168052678347606121e-02 1.260531475094172293e+00 4.955731997319861443e-02 -8.604160054951147385e-02 4.760145779867805960e-01 -1.420465505958932839e+00 1.317716294643562103e+00
-7.081682474891199952e-01 -9.748862479834260464e-01 1.684922267821735709e+00 -2.163789722445015773e+00 -7.444668687873142732e-01 -7.814901524515158737e-01 -3.620701911182477861e-01 -9.137328521461356434e-01 -5.435380885936071937e-01 5.023203228365936690e-01
6.761124799252943296e-01 1.122485336601887429e+00 2.408997572890222649e+00 -4.716294428483595036e-01 -5.465158930176472647e-03 -6.869904889387289382e-01 8.643681614955049941e-01 4.952876001378236359e-01 -4.051372960711183691e-01 6.659113017814666247e-02
1.524154041215108668e+00 3.719605359309569731e-02 2.240118659514457045e-01 -2.612312620424872556e-01 -6.664949921516812870e-01 -7.743795753716856689e-01 2.610302873403107515e+00 -8.917674145517409112e-01 3.482477980270176077e-01 -5.915246833227815193e-01
1.036679613269396505e+00 -2.828049390204246949e-01 8.027746898032261935e-01 1.365386928651809884e+00 -3.949005001865643072e-01 1.716359774060344234e+00 -1.594471979012987539e+00 4.689849494521141082e-01 -9.369912984920226728e-01 -9.980100687585942154e-01
-1.082514543694443221e+00 7.442384278230257388e-01 1.953947818194348152e+00 -5.401757517482147497e-01 -5.907236237875752582e-01 -1.354191333179923351e+00 -8.367080482669666530e-01 -8.824620770748105025e-01 -3.627259266435867158e-01 9.563094143090287158e-01
-7.547834462846533810e-02 4.534219349733145665e-02 -2.471078622113408230e+00 3.189741013498843120e-02 3.040748338255836458e-01 5.035289413388516211e-01 1.027176864695504843e+00 1.966095695959895265e-02 8.759093992708731902e-01 -1.778399685912745998e-01
-2.071388217348463012e+00 6.869747072614888761e-02 1.918852406229586638e+00 -1.269853457131108643e+00 1.549281582392383116e+00 -5.049529910215371231e-01 2.746470625947790012e-01 -1.674559995287160097e-01 2.639726785630353706e-02 1.698768801910554460e+00
1.708297446466345182e+00 5.130988904780601212e-01 -9.155725402696895943e-01 3.958318030718457198e-02 1.102211067376072773e+00 -5.028203967085338455e-01 1.272585420481743279e+00 -2.911780731517733534e-01 8.128172910220905489e-01 -3.012233344228602561e-01
2.688164962544203895e-01 -1.795103548927865500e+00 2.050486596833834163e+00 1.959419968327072437e-01 1.107126703219266206e+00 8.860089871754277535e-01 -5.423585813821618640e-02 -2.916623499215367232e-01 -2.338997166705524336e-02 -1.018813103815096932e+00
-1.133044883402223091e+00 1.055820703031003394e+00 6.838732413252357478e-01 -6.408786322295755289e-01 6.720765874305819620e-01 2.907070923552788067e-01 9.100455573546549493e-02 -1.344965161859449143e+00 1.461882781926410635e+00 5.613089081291423588e-01
-4.603085179268192606e-01 1.661197736018748206e+00 -7.753241614904571311e-01 -1.372739808704933617e+00 1.845785082570260638e+00 -1.363986821609811884e+00 -1.370270419604700529e-01 -7.597638032536955244e-01 1.562357047093430595e-01 1.873041605487719419e-01
3.571111790899166305e-01 1.714140475746055436e+00 1.984280522038397443e-01 -2.340614994795261194e-01 8.733498487050450620e-01 -7.346754138808664347e-02 8.198490334662252854e-01 1.191657772198678522e+00 -1.584454174006606486e-01 -1.760336359202576695e+00
-9.024205578760456925e-01 2.056349047822761400e-01 1.369379303832422901e+00 -2.477729751326599728e-01 -7.725389424289977880e-01 4.924211391465923571e-01 1.334005562671996881e+00 -1.131134963983940311e+00 9.155409099215691127e-01 9.026936143486122277e-02
4.721527914818911542e-01 -1.845164795904984389e-01 -5.636233497688465655e-02 4.923742045100509834e-01 2.763491423464171579e-02 8.874849435211026316e-01 2.960985944877700948e-01 9.756060550703662959e-02 7.143766555353361913e-02 1.293665586626847164e+00
-4.756388113116650218e-01 2.963784469957320145e-01 9.333702297350642274e-01 -1.847033309065153894e-01 6.851820563603240322e-01 4.059922189501404821e-01 5.081554417552635039e-01 -4.836590852893990489e-02 6.729192450646542811e-01 -6.507288619464339785e-01
1.040040405610447527e+00 -1.677517065687278153e-01 1.823625991682337855e+00 -6.717878068881650844e-01 -1.000419487168122235e+00 -3.788631031610595334e-01 2.269133756342692543e+00 -7.742655843405418792e-02 1.420754445200273608e+00 2.182111218062527669e-01
1.259860746459362697e-02 1.262709865161169009e+00 7.239741994019777138e-01 3.491267272531880517e-01 -1.416945091573559579e-01 -1.407206630390192004e-01 1.428276707443483007e+00 1.948879418379627637e-01 8.048492453864785068e-01 3.083605643676612940e-01
4.688011241975593713e-01 6.853987465035528137e-01 -2.143920042015788063e-01 -1.199436725217622735e-01 -2.143289076320769870e-01 -1.121611180272927416e-01 -1.148441656102276026e-01 -1.239161351834794811e+00 -7.924778321451164675e-02 -8.599370412312432599e-01
-4.583273530527605111e-01 1.072201160988021318e+00 -1.419687983138031295e-01 -1.079729623018418905e-02 -1.063430010312877094e+00 -9.934286792322698512e-01 -1.208837431213343416e+00 -9.271414662135772922e-01 2.988714274801791970e-01 -7.854002853253773120e-01
5.095845192575341187e-01 -2.521641443942513328e-01 8.242595276847136665e-01 -1.033883057471314815e-01 1.748600760438020763e-01 -9.304265765367557561e-01 1.037362331360215828e+00 2.732528805007728323e+00 -1.008865204705032825e+00 1.338571618910523897e+00
-9.833563981274665577e-01 8.210040691112745481e-01 1.485845702962223402e+00 1.192289661782716115e-01 -3.997709206381925284e-01 -6.208001744731307392e-01 2.110014295682685337e-01 5.538616195059695851e-02 2.711984879394945258e-01 -7.789200463232246463e-01
7.524840680667671533e-01 1.028577957635819606e+00 -5.840986433835347880e-01 1.108121967939649455e+00 -4.377250882269125704e-02 -1.223017015186842915e+00 -4.146976394424658485e-01 -6.326961989304985545e-01 -9.535468462701912618e-01 -4.440606577499867091e-01
-1.888383586042219120e+00 -1.507813151207596514e+00 -9.256652912770850783e-01 1.107838608716224416e+00 7.438433908777913883e-01 4.583498883785563915e-01 4.305767608846160222e-02 -8.730019793380935367e-01 1.143497712708683389e+00 -3.938075962815468928e-02
2.412022678134980502e+00 -2.152246585975154392e-01 1.260357543535712166e+00 -1.189030830614476786e+00 9.889269587672335719e-04 5.453025217875031834e-04 7.162873642110246797e-01 -1.271632940989953608e+00 -5.220619620923031001e-02 2.148341601640557652e+00
-4.600276777021690688e-01 -4.713008594075154267e-01 -7.117345422584435699e-01 -3.170026391278470412e-01 -3.412307262413278863e-01 6.178588305172760808e-01 4.401862364430848135e-02 3.824915908743242166e-01 1.766493531291543517e+00 -1.590027706940846386e-01
4.477462960882669929e-01 5.616281264122726657e-01 -6.029484886177314262e-01 -8.058251976000742681e-03 -1.375487458929268714e+00 -1.810087161530807176e+00 1.106882989096736880e+00 -9.951761492250731436e-03 -1.072066154698672280e+00 -1.194306963624124140e+00
7.384158027365722576e-02 -1.984824348999887800e+00 1.284913827101230310e-01 1.220477120780304237e+00 -4.241078969553531697e-01 7.831952907447935208e-02 -3.944246447131941613e-01 -9.844727384138851622e-02 -1.097585101765104487e-01 -5.226834740773305538e-02
-1.356083423864674620e+00 -3.793727202326203085e-01 7.124284574959850735e-02 8.617064639198532827e-01 1.200274128687335073e+00 1.354977787670737399e+00 1.454032088931698496e-01 -8.866189323990069093e-01 6.366346367795235883e-01 7.649853072749942529e-01
8.042254524016704265e-01 3.425691830534511317e-01 2.070457163029531533e-01 -9.214977525630734245e-01 5.014363749656630675e-01 2.442039804358454302e-01 1.997267519803110347e-01 -3.673208286557945179e-01 -6.458525031343882450e-01 3.682501693327632775e-01
1.568923169551394547e+00 -1.071098877121436088e-01 7.860325607164697637e-01 1.130972122531467283e+00 -1.066568532678745240e-01 -3.793798403196552843e-02 2.426047415217012837e+00 -5.478090687932426484e-01 -1.046456567350160682e+00 -4.004541101550951887e-01
-3.106478891650323315e-01 -1.892988113844388809e-01 -6.839974475055851100e-01 -3.831871003856008873e-01 5.054637033294461235e-01 5.072220476499876840e-01 7.375536784648512034e-02 -9.500825130659336093e-01 -6.916669022360315278e-03 2.010130455546010442e+00
6.656387154315545063e-01 -4.611462108583286867e-01 1.508295623748321601e+00 -5.451757600474268495e-01 6.594792034129188796e-01 -1.994914104779525132e+00 -1.246152415880811493e+00 -7.304473082634439507e-01 -1.322420208795153984e+00 1.412628391014029372e+00
1.163548791794973614e+00 -6.812265124967256114e-01 -4.307884344066743865e-02 -8.092722008129363265e-02 -6.171272468810909580e-04 -2.003025223457083337e-01 -1.099779834402381473e+00 -3.066529226989676560e-01 -5.188685418733606225e-01 1.790474877774918872e+00
7.712118652545865150e-01 2.211143321360148073e-01 -1.777468503878427031e+00 2.594159968836595720e+00 1.504870583040895493e+00 7.231178126871393719e-01 2.972885938754447066e-01 -1.000848379818840561e+00 -1.442613869650338776e+00 3.829628864359946316e-01
1.195088962071594985e+00 1.089406024389575345e+00 7.206380993367301757e-01 6.248053585484285993e-02 9.090063009688592599e-01 -3.519646537045376666e-01 2.903332433289126380e-01 3.147867356691106538e-02 1.843860010053546827e-01 -1.955444196588432160e+00
4.960356041497847035e-01 1.306200090100569922e+00 3.104740254308262060e+00 -1.717010181259192247e+00 -2.384133427684549833e+00 2.800773936778421236e-01 -8.583489416841912079e-02 1.247677536780695151e+00 2.313296294764620453e-01 -1.009920212144401974e+00
